3 5 6521 9428 6441 514 6559 
3 4 6521 3499 9456 3522 
3 4 3522 9375 526 6377 
3 4 6377 6263 6298 9320 
3 7 6521 11505 9496 3572 6595 552 9570 
1 7 9320 11331 6389 317 11366 332 13576 
2 4 6377 3271 3326 241 
3 2 6469 587 
3 2 6469 495 
2 6 495 6535 9509 405 3395 6377 
3 5 6488 6444 11494 3547 587 
3 5 6488 589 6568 3530 9517 
3 5 692 3705 708 11499 9517 
3 3 692 11653 9515 
3 4 9515 3299 571 11544 
2 3 692 9652 707 
2 4 11544 11529 6555 9517 
3 5 11544 9572 11417 6594 6488 
3 4 6377 11493 6513 564 
2 13 6521 11505 3207 537 6236 9387 9252 11288 334 389 3380 6402 6332 
2 6 6332 395 281 6407 3272 6296 
2 3 3320 327 6296 
5 16 6380 11282 3358 11250 3215 11315 2999 187 9111 6086 6035 6095 9164 11068 79 6174 
2 4 758 11710 9689 6734 
2 5 11805 3861 799 6924 9817 
1 7 6880 9765 3866 980 970 11768 11805 
2 3 6734 9686 11677 
1 4 11677 11692 6955 758 
2 7 6906 9896 6817 3873 6966 6812 9764 
1 4 6906 6959 9889 4098 
1 2 4098 10024 
1 5 10024 10109 4065 11956 1176 
1 3 1176 11956 12038 
2 4 1176 7068 7198 4182 
1 3 4182 10009 9979 
1 2 7183 1048 
1 4 4182 7198 6744 875 
1 3 7183 1178 875 
2 4 3816 9813 11821 915 
2 7 3938 9767 6993 9785 11766 813 3816 
1 5 3938 3794 9800 9846 11825 
1 4 11825 6936 903 885 
1 6 11825 4024 3920 726 3729 11707 
1 7 11677 11840 3725 3727 3918 918 11825 
1 5 11707 6749 9703 11688 740 
1 5 6867 874 845 889 9817 
2 4 10024 1093 9903 832 
1 4 4098 1093 11884 832 
1 5 832 942 9757 6914 3938 
2 4 875 3871 3810 6948 
1 5 3945 6879 9852 6914 3938 
1 6 6906 3799 871 7213 11737 3816 
2 4 6287 6393 3260 3325 
1 4 394 6235 6364 3277 
1 2 9335 6336 
2 4 6469 3512 9363 6241 
1 3 391 68 3314 
1 2 9498 3262 
1 2 6598 3262 
3 2 6598 516 
3 3 11519 13068 516 
2 2 9559 6583 
2 3 9853 3946 6917 
2 4 6788 3772 11891 9909 
2 5 9490 3506 6949 11518 11506 
3 3 678 6529 9503 
3 4 549 3629 11502 9559 
2 3 6788 771 9741 
2 5 6780 11730 9741 776 3780 
1 3 6788 3773 6790 
2 6 3780 607 6635 636 9618 9620 
1 3 663 9638 9620 
1 6 663 11623 6680 6678 9633 11618 
3 4 9515 9681 3703 9665 
3 4 9665 11651 704 11666 
3 7 11666 6690 9648 13575 9646 665 9596 
3 3 688 3684 9665 
1 4 688 3675 13211 11618 
2 6 663 11601 3641 9600 9584 3780 
2 7 3780 773 3776 603 13882 3604 11584 
2 2 9752 3776 
1 4 6606 6793 9582 13882 
1 4 3780 6790 9752 6606 
2 2 6606 782 
1 4 782 9924 967 925 
2 2 6788 6973 
2 2 9904 11751 
1 4 11751 6862 6875 11833 
1 3 11833 6946 6973 
1 4 9907 1616 6985 6606 
1 5 9907 9879 9750 6862 11751 
1 6 9904 5042 9794 6926 11790 925 
1 3 6831 9838 925 
2 4 11837 9784 6843 883 
1 4 883 6939 3966 6831 
2 3 819 11803 883 
2 2 11846 9904 
1 4 11846 923 9826 819 
2 8 9990 12066 3901 10027 3968 851 955 819 
1 2 11998 11837 
1 6 9990 12066 12098 10027 9856 11837 
1 2 4014 4159 
2 4 4159 1156 3857 10074 
1 5 11773 11874 11824 9772 6891 
2 6 383 3307 6412 9362 6345 9279 
2 4 11380 11082 161 6050 
2 10 9279 11376 9300 9410 9251 9329 9406 6397 9393 11380 
2 12 383 6331 3286 3375 3063 6188 9209 9109 11188 11082 161 6050 
1 6 9279 11376 6120 11160 11327 11215 
1 3 6296 6360 6229 
2 3 9340 6222 6342 
2 5 310 11358 11226 11342 13739 
1 5 9340 10323 11222 7482 310 
3 6 11542 9414 469 6559 3535 11481 
3 3 11666 6739 9692 
2 4 9692 9539 3484 9551 
2 2 9551 13553 
1 5 9551 11539 581 3550 3581 
3 5 9660 9690 11679 3716 9692 
2 7 9660 11663 9676 6720 3700 12549 11666 
2 7 9660 6703 682 3670 6672 9611 11581 
1 9 11581 624 13903 9595 6647 9608 3623 619 3617 
2 3 3617 11580 11586 
2 3 3601 3592 11581 
2 5 6626 11735 11564 13673 3601 
1 6 3601 6611 3974 3924 11901 3943 
2 4 3882 11832 13560 11887 
1 4 3882 3833 3526 11818 
2 9 4109 3988 1109 976 863 6930 3844 10163 11818 
2 8 949 965 11868 11887 9602 6998 11583 11586 
1 8 949 3971 3952 3819 6842 9769 649 9783 
2 4 949 3908 3937 6923 
2 4 9833 6895 3893 11842 
2 2 3663 9617 
2 4 9617 11603 6677 9635 
1 8 6711 3694 676 6679 6709 3676 11619 3663 
1 3 6711 3709 3696 
2 7 9660 684 6716 699 730 11659 3696 
1 3 3696 713 10104 
1 4 10104 3548 11691 3565 
1 5 3152 11426 11127 11443 4640 
1 6 4640 126 3120 181 11080 6174 
1 4 3083 9194 6108 11105 
1 4 3151 3060 9100 9206 
1 7 9206 6082 11056 9183 9073 67 6144 
2 5 11370 277 6340 13739 3320 
3 3 9508 9400 3544 
3 8 11479 9468 6522 6499 442 11413 9427 13611 
1 4 3392 11466 6484 3521 
1 4 3501 13070 11333 6103 
1 3 9239 6489 9458 
1 5 540 3463 9484 6351 11471 
1 4 3369 11471 9239 6103 
1 5 6103 9239 6221 6270 9297 
1 3 3369 7239 9297 
3 4 6103 11374 221 271 
1 4 9297 11345 6237 9315 
1 7 6103 11221 296 9322 364 11382 9315 
1 3 3369 6378 377 
1 6 377 3241 6301 3301 3205 6384 
1 3 11297 9269 9315 
1 5 6384 6335 6399 11332 11218 
1 4 351 11299 11378 9392 
1 4 11218 9350 9237 3273 
1 3 9392 6320 3273 
1 5 11136 3150 6300 6395 9392 
1 5 9075 11306 159 6395 3273 
2 3 3320 9274 3393 
1 7 11241 9323 6249 6326 3219 6459 310 
2 4 11241 323 6293 11234 
1 7 3151 6174 11032 9098 3053 11097 11202 
1 4 9164 3072 117 11109 
3 6 11349 11326 366 3358 11282 6380 
1 5 11349 6264 3235 9287 11234 
5 4 11370 294 11322 3331 
5 4 3331 11220 11290 306 
1 8 383 295 11070 69 147 3007 11184 6115 
1 7 9096 6151 9036 3094 9204 9103 6115 
1 9 6115 11078 9157 27 11037 3059 9170 6145 122 
1 4 11028 9157 11078 6115 
1 5 11028 9227 11206 9139 3022 
1 12 9108 6083 6161 9220 11067 118 11185 6063 130 205 9035 3108 
1 10 6050 9149 3182 11091 9117 49 9051 125 9035 3108 
1 4 9197 11068 149 3151 
1 7 9197 70 11059 9190 6057 90 11159 
1 10 11159 9118 3033 11092 155 11175 6021 94 9195 3189 
1 9 3189 86 3008 9162 3121 6181 9201 11117 3134 
1 9 9073 11138 9056 9163 141 11141 9104 193 6146 
1 8 11202 415 592 9485 3388 9501 9240 9340 
5 10 306 3362 6387 9272 11254 335 401 3327 3391 6380 
2 5 11370 216 386 331 6373 
2 3 6373 6344 9288 
2 7 11479 491 3483 438 462 3457 476 
1 4 11479 11411 11550 9548 
1 6 476 9423 9576 754 741 11670 
1 5 476 9481 11490 504 525 
2 10 11405 6596 11700 6771 9712 568 3722 6724 6704 3686 
1 5 11437 9433 6478 3468 488 
1 6 11437 453 472 3449 6776 6420 
2 4 6474 6493 9430 9417 
2 6 9417 585 3587 3765 3752 3734 
1 4 3734 9696 3760 11668 
1 4 3668 3682 6689 3672 
2 6 7661 7495 4458 7624 4463 3668 
2 12 7661 1536 4614 4477 11645 11674 1539 1599 6671 3658 772 3653 
2 13 3672 9647 685 11633 714 9691 9694 735 9709 6781 3587 585 9417 
2 2 413 3527 
2 10 9417 11434 11450 11459 3519 3540 6591 11412 11475 3527 
1 9 418 9556 6554 9531 3491 3479 6505 6474 6776 
2 8 3527 9552 9489 6432 11439 3409 9556 418 
1 5 3580 558 3492 9449 418 
1 6 525 11557 6458 3480 6508 9566 
2 4 9288 546 9506 6508 
2 5 9566 3225 288 3306 3335 
2 9 3335 6252 11284 11235 11300 3263 6348 6414 6380 
2 4 3580 9260 9328 9355 
2 5 9355 9411 11242 3292 6262 
2 6 6262 6396 6290 9348 6414 6380 
2 3 413 6341 6398 
2 4 6398 6230 6279 3356 
2 8 6380 6414 9348 9282 11268 11379 11248 3356 
2 5 3578 3426 9460 6328 3304 
2 7 6398 9394 9245 11381 11351 340 313 
2 6 121 252 6356 9278 9378 6380 
2 7 121 9122 11099 2 9168 2996 9131 
2 4 9197 70 11174 3140 
2 9 3140 172 9107 3163 11083 81 9207 11189 9131 
2 12 6380 301 11362 6316 378 280 3370 3268 6392 6295 6299 11375 
2 3 11344 3303 11375 
2 11 6380 301 3290 9235 11217 214 3339 6362 6410 9407 11344 
2 6 313 3304 6353 6382 9409 9258 
2 6 9258 9286 6391 11262 11394 11344 
2 11 9258 9286 11269 3317 286 3276 6302 6226 9365 9243 11225 
2 8 11225 11348 393 3357 3330 6515 9420 12128 
2 8 11225 11377 11256 3265 4324 4283 1305 1278 
2 6 1278 12117 10142 10329 12157 9292 
2 5 9292 1233 12287 10133 1821 
1 7 12128 3563 4322 1254 4294 7370 10253 
1 7 7243 4300 4374 4227 1314 12294 10253 
2 7 6338 260 9336 3251 3300 6388 6278 
2 11 6278 7403 206 1380 10286 10314 361 3280 7320 10133 1821 
2 6 7375 11228 237 4758 12567 1821 
2 10 7375 11352 7346 12203 9293 370 3027 3139 272 6124 
2 13 9131 2996 11143 143 3135 9200 11075 73 3066 3103 6089 9214 6124 
2 5 11747 11784 9806 6808 3951 
1 4 3951 6871 11811 11829 
2 3 9878 3983 3951 
1 6 9878 3876 11860 940 9755 6807 
1 9 10056 11810 11746 6956 6888 961 9830 9763 6807 
2 4 1821 307 12102 1387 
2 3 9292 1327 1292 
1 4 399 13576 3277 3325 
2 8 1292 1775 1294 1694 7874 7800 1709 10696 
2 8 10696 4700 12652 10600 3472 7774 7846 1387 
2 6 10696 12679 1733 1860 7825 7274 
1 9 7243 7600 7657 12329 7597 12397 4686 10148 1459 
2 8 7274 4866 7757 12631 7886 10712 10639 12691 
2 20 12691 9142 12621 1876 1813 10549 10661 12540 4797 10543 1762 4837 10528 7835 7816 1696 4705 1672 7786 4677 
2 9 957 6989 11750 6684 664 6686 11643 10466 12189 
2 7 7381 4406 1425 4621 4434 7642 10135 
2 4 1330 10154 10283 10344 
1 5 1492 7469 12464 1082 1934 
2 2 4075 4119 
3 2 1182 9998 
2 3 9998 7157 7087 
2 3 7087 12097 10125 
2 2 7072 11960 
2 5 10125 7187 4172 4142 11960 
2 4 7072 13865 12031 7212 
2 3 7212 11946 1092 
2 3 1092 10052 11985 
2 2 11960 1136 
2 8 1136 9985 10055 1167 7145 1191 7050 11985 
2 2 1025 7110 
1 2 7110 9950 
2 6 4102 1183 12006 11925 4164 7110 
1 2 11985 1025 
2 5 11960 4142 4172 7102 10032 
2 7 1182 4188 4100 7016 4118 1024 7169 
2 4 7169 12056 3848 6994 
2 6 1117 11930 4067 1063 9865 6994 
2 2 12007 1117 
1 3 12007 10128 10032 
2 5 10125 7187 10015 11989 12007 
2 5 1182 1097 11908 11989 12007 
2 3 3962 7532 10444 
1 3 10444 10512 12421 
1 3 6994 9859 3962 
2 4 4056 4086 1081 11977 
2 4 11948 10110 4126 11977 
1 6 7199 1053 10112 1006 12084 7071 
2 4 11977 7204 7221 7125 
2 5 7125 9981 848 10083 6928 
2 5 7125 12040 11915 10065 4052 
2 5 4052 9790 912 11835 6981 
2 5 11771 9885 3895 3839 6981 
2 5 11771 987 9781 11764 964 
2 6 11815 3934 934 6898 3881 9873 
2 3 964 3783 1150 
2 3 9843 11761 10068 
1 3 9843 11822 12043 
2 10 10068 12043 1052 3900 11886 9835 7790 11815 6951 11771 
2 6 1069 7189 11980 11996 9969 10068 
2 5 9843 4140 12026 7109 4190 
1 10 6932 1575 7571 4634 1115 1962 12344 12078 4093 4190 
2 2 9843 6904 
2 5 1069 4037 12015 9956 12055 
2 6 11913 11982 7120 10076 12052 7014 
2 9 11913 1099 1171 11937 10044 1153 4185 4038 3992 
2 3 7222 1146 11913 
2 5 10446 12426 4158 10064 7222 
1 10 7301 1976 2006 1933 556 6638 1630 5057 12327 5100 
1 7 3992 4038 7054 10012 10042 4169 4196 
1 3 11920 1195 4013 
1 7 1962 4469 10507 7041 12432 1590 6904 
1 8 7014 12076 4042 7191 11991 1096 7058 9974 
2 6 4190 1188 1169 4144 1139 9958 
2 8 4619 7167 10462 10446 7568 12012 10364 9958 
1 4 4619 4631 9999 7097 
2 3 10062 7108 1047 
1 8 1319 4192 4504 1884 1625 10459 4077 7137 
1 7 4504 10763 11972 6999 7240 13067 4925 
1 9 6999 1893 11865 7948 7596 1612 4130 12467 4619 
1 4 7137 11926 1018 4023 
1 3 1120 11945 1053 
1 6 4925 1367 12767 7256 4295 2006 
1 10 10870 2015 7949 5016 4682 8042 7702 8086 10869 4709 
1 6 4709 7148 12656 7732 13728 4704 
1 6 13728 1838 12820 7971 2028 5100 
1 4 4682 12099 12526 10907 
1 4 4709 10674 10691 12737 
1 5 12356 1458 10367 10838 1962 
1 3 7965 4559 1319 
2 5 7108 4050 7067 9978 9938 
2 4 9938 10093 10010 7071 
1 6 9958 7656 10098 7085 7025 12055 
2 5 12068 1091 11959 7214 7186 
2 3 1047 12095 1120 
1 4 9991 12010 11968 11929 
1 5 10001 10255 4237 1228 7340 
1 6 10278 12180 10152 1430 4321 7340 
2 5 10278 1344 12734 8011 10808 
1 4 7447 7391 10190 7244 
1 4 10756 10259 5104 8087 
1 2 1359 5104 
2 8 10887 12005 12822 10729 13854 2032 2086 11955 
1 3 3456 10108 4110 
1 3 10735 8098 5105 
1 4 10735 1971 10898 8007 
1 5 10030 13857 4883 5264 10401 
1 3 7260 7344 10201 
1 4 5105 8013 12761 5075 
1 5 10106 1600 3795 12046 2097 
2 4 11746 806 3889 12473 
1 7 12473 7140 1056 11919 4550 4111 792 
1 2 11829 9833 
2 4 4345 4417 10320 7433 
2 10 7433 1284 12291 4362 7379 12289 1424 7304 7644 7361 
2 7 10320 10174 12221 1282 4342 4285 12289 
3 3 4345 4270 3778 
2 8 3775 6797 9580 11567 3605 6625 4270 4345 
2 13 9450 6713 11641 11685 9684 6769 11669 9724 9711 722 11695 3763 3775 
3 6 3778 3635 3661 9634 6676 6510 
2 13 6510 9467 12278 12582 602 777 10718 4775 7899 1769 4875 4426 4872 
2 12 6510 9480 1299 4869 1782 10718 7794 13094 11571 4875 4426 4872 
2 3 12603 10611 4739 
2 5 4739 9669 6726 515 3010 
2 7 4872 12688 3721 12593 12663 3481 4739 
2 5 12603 1788 3721 12688 4872 
2 11 12603 10611 11440 10684 3706 4765 4877 4343 7853 4413 1408 
1 6 3010 6754 1347 7761 1737 7853 
2 4 1408 4428 10157 7315 
3 3 7315 12214 10327 
2 4 7315 7386 10271 12211 
2 3 4759 13164 12603 
2 4 4759 10709 1752 3719 
2 4 3719 10618 6752 1866 
2 3 9450 8088 12357 
2 8 12357 9657 926 1760 10526 3699 1719 1866 
2 6 1866 4807 4664 10341 12456 12357 
2 9 9450 12368 6737 11589 1560 10341 4664 4807 1866 
1 7 9450 6713 11641 695 691 11656 6710 
2 7 6710 9724 9711 722 11695 749 11654 
2 9 9450 6713 9654 11637 1958 689 3685 9825 6890 
2 5 6890 882 3687 6707 11654 
2 4 6732 3906 9832 11830 
2 9 4345 7345 11662 10381 11665 3806 6911 10731 3878 
2 4 3878 9847 6909 11830 
2 2 3878 6882 
2 3 6882 3863 6845 
2 3 6845 3824 6984 
3 2 6984 3957 
2 5 3957 873 3823 11841 10412 
2 8 6845 6869 11785 9804 847 3850 880 11800 
2 4 6855 827 9808 11800 
2 11 9450 6713 9653 870 11791 3872 659 3853 6874 9808 11800 
2 6 1595 9796 831 11776 11760 6855 
2 2 1595 4527 
2 11 4527 4601 9775 9760 7528 3975 801 9923 6823 6929 3957 
2 6 12211 3513 12183 7865 12553 9616 
2 6 1866 9880 7536 12577 12646 12586 
2 10 12586 10666 11788 12418 7306 10478 11589 12312 8088 9450 
2 6 12586 7852 3855 3613 4760 4723 
2 9 9450 12368 6737 10393 7539 1586 1678 9892 12586 
1 6 1595 4531 4437 10461 9682 9450 
2 11 11654 734 3733 3702 9708 1436 9693 3806 6911 10731 3878 
2 4 6696 1881 10448 1595 
2 4 6696 12709 12568 9727 
2 3 4527 1445 9727 
2 4 1572 12381 1480 11975 
2 6 1843 9834 10489 866 12439 1572 
2 3 1572 1584 7388 
2 6 1572 12353 1433 12470 10492 12384 
2 3 12735 7422 492 
1 4 12384 7583 860 492 
2 3 492 10520 7480 
2 3 7552 7524 4464 
2 3 7552 1453 10449 
2 4 7552 1453 1643 1528 
2 5 1528 12401 6968 9829 3960 
2 4 3960 10861 10504 10337 
2 6 10337 1500 12313 4507 4535 7552 
2 5 10337 12410 4884 2042 6785 
2 4 10337 12341 1927 12782 
2 5 3960 7981 5022 1927 12782 
2 3 6785 12369 5015 
1 3 5015 10769 12835 
3 5 12782 6987 5061 2060 12835 
1 2 8097 10740 
2 4 12835 13477 7973 8003 
2 3 8003 10916 10830 
2 3 10830 12745 8097 
2 6 12782 2019 12728 5038 10894 10740 
2 4 5021 2083 12721 12835 
2 3 1965 2011 4956 
1 2 4956 5021 
1 6 4956 2083 1952 13471 12721 12835 
1 2 4956 10172 
1 4 1965 2011 2008 10172 
1 6 10172 13468 12804 13475 10853 8003 
1 4 1965 12755 4887 13089 
2 2 3834 853 
2 5 3834 7920 5044 12791 10740 
2 5 4908 4977 1945 13478 8057 
2 8 13089 13461 12746 12873 10895 13470 13473 8057 
1 3 8032 2051 13089 
2 5 12810 13451 8236 13448 12753 
1 5 12753 13442 13703 13441 10886 
2 3 3960 9829 5001 
2 6 5001 7485 12458 12489 4444 1646 
2 3 7202 1547 11975 
1 4 10412 3925 11738 788 
2 5 7202 10029 7012 4491 7138 
2 7 12384 638 10394 1485 4653 4491 7138 
1 8 7012 7134 11927 7083 7045 11783 6943 788 
1 4 1132 4168 6943 788 
1 4 7138 7083 12054 1132 
1 5 10412 9931 12445 10081 7138 
1 3 4464 7668 7480 
1 5 3957 951 11873 10343 7646 
1 5 7646 7466 4627 12637 9727 
2 4 9727 1582 10657 10909 
1 9 7622 10498 13608 10374 13617 4476 13603 12347 1550 
2 3 8252 5051 12798 
2 3 12384 5090 10909 
1 4 12735 12803 968 10909 
2 4 12735 10192 10824 12501 
2 4 12501 1987 10615 7797 
1 2 1646 7797 
2 5 12735 1587 10753 7464 7797 
2 4 10449 10410 4510 1646 
2 4 6696 6974 12670 12501 
2 6 1595 12437 1604 7626 12305 4569 
2 7 4569 12305 10457 12497 7611 9682 9450 
1 4 4569 1621 12361 10717 
1 3 10717 1564 1534 
1 5 4569 12346 12463 10370 1534 
2 5 4569 4449 4540 4625 7797 
2 10 9450 12368 6737 10339 1527 4590 7449 7607 12361 10717 
1 7 1866 9880 1867 12667 12620 3750 1747 
2 8 4723 10640 10711 1815 12651 1851 12585 4860 
1 3 4860 10593 10624 
2 4 12211 3513 4328 4274 
2 5 3588 6665 3471 10151 4274 
2 4 4274 4347 4331 3588 
3 3 3588 9697 9713 
2 4 9671 3677 6699 9713 
3 5 9713 6699 6694 6876 4518 
2 4 4518 9911 941 10387 
1 3 10387 10483 9814 
1 4 9814 11757 7517 1562 
1 3 1562 12374 7986 
2 3 7986 8115 853 
1 4 10387 12303 4727 7986 
2 7 10327 12673 12124 3781 6742 7779 4860 
2 11 4860 12572 4857 7880 1767 6722 12566 1836 4772 1752 3719 
2 4 10624 4863 7883 4759 
2 8 10327 1690 1832 4838 1854 1857 10593 10624 
2 5 10717 7834 1352 7892 4740 
2 4 1534 9802 4811 4740 
2 3 1534 2043 1806 
2 6 3960 2082 8025 5103 1618 1806 
1 3 1806 7904 10798 
1 3 10798 11802 4740 
2 5 3960 9920 5085 3875 3972 
2 3 10798 10702 3972 
2 5 4740 11802 7762 2055 3972 
2 2 3972 9908 
2 5 9908 12624 4586 10340 4740 
2 6 9908 12893 10867 8070 3867 10740 
2 4 10740 12791 3883 4975 
2 3 4975 10642 12627 
2 5 4740 10340 4586 1738 12627 
2 3 12627 10588 1827 
2 10 10717 7834 4757 12513 1753 10532 4871 12570 12642 1827 
2 9 10717 7834 1352 7892 12024 4814 4586 1738 12627 
2 3 1827 7780 4723 
1 3 853 1793 11814 
1 4 11814 4799 4657 10387 
1 4 853 7747 6897 10573 
1 4 10573 10645 12552 4975 
1 4 10573 7821 12765 11814 
1 9 12627 9792 868 1658 6887 1756 4742 10662 4865 
2 8 4865 10651 12573 12699 850 4799 4657 10387 
3 9 4865 10651 10591 7827 4736 10422 11698 710 9713 
2 3 4865 10582 12535 
2 4 12535 1789 10556 9616 
2 6 12535 7888 12633 12561 10640 4723 
1 4 1814 4804 12617 12604 
2 8 1814 4804 12617 7783 1713 7887 1565 4543 
1 4 1814 4804 7692 1801 
2 4 2197 5195 2203 2211 
2 5 7798 4776 12932 12924 12910 
2 8 7798 12576 7755 1667 10455 10682 12435 12406 
2 10 7564 7535 7522 4481 12308 7651 10487 10460 4560 7566 
1 4 1454 12104 1431 7669 
1 4 12364 1555 4573 7621 
1 5 12364 10402 12394 12409 1639 
1 9 12364 12351 10390 8208 13429 5184 5152 12970 8215 
1 4 8215 13236 650 13499 
1 5 650 5191 8194 13502 5228 
1 5 12994 5171 11000 13504 5228 
1 5 12994 13507 8217 13510 5131 
1 6 650 8229 8251 5121 12954 5169 
1 7 12306 13231 13232 10935 13230 12494 1639 
1 8 10953 12349 13305 13224 10981 12321 12494 1639 
1 3 12364 12351 7500 
1 4 5918 10985 8237 7500 
1 5 8187 10943 12453 10515 12364 
1 5 8187 8238 11007 2194 2152 
1 5 10362 12496 1613 1626 4604 
1 9 8216 5143 3147 8255 7915 5163 7901 8237 7500 
1 8 12930 10987 5229 2224 11001 12530 13548 8216 
1 3 12930 8157 5230 
1 4 5230 13195 13511 5131 
1 4 5166 2182 13514 13674 
1 4 4604 4589 13705 10447 
2 12 4604 4589 1598 7581 1542 1529 5156 8239 2109 11008 10947 10513 
1 2 10513 5112 
1 4 10513 10432 5172 10980 
1 5 10980 8190 12996 2153 10999 
1 2 13379 13377 
2 4 7476 8148 12334 8190 
1 11 13267 2111 13259 13254 13251 13250 10994 5186 12438 10360 10513 
1 7 13267 13269 8175 11010 13295 13300 12939 
1 5 12977 7636 12438 10360 10513 
1 2 10946 8143 
1 3 5168 10967 10939 
1 3 5168 1446 2227 
2 4 4879 7605 5203 1509 
2 3 1509 13797 13795 
2 5 4696 13763 4822 13794 13795 
1 3 1833 13767 4822 
3 2 13795 13060 
2 2 4879 2207 
1 7 10930 13721 13722 13723 13388 2176 8144 
1 3 10968 12925 5117 
1 6 2196 8205 12911 2035 13365 8144 
1 4 2035 2206 13322 13620 
1 8 5210 13620 5196 1939 10860 5160 12929 12989 
2 15 4076 7164 10073 7011 3996 4055 1068 10031 7144 11974 12044 1151 12071 1064 11999 
2 2 11964 10073 
1 9 11999 10844 8105 10745 7989 2046 10126 12881 12806 
1 3 2046 2003 12725 
1 5 11921 4129 7162 7180 11969 
2 5 11969 7180 1046 4920 12051 
2 6 7132 11923 12760 9964 4146 1145 
1 8 7132 4116 989 1111 4097 13859 11987 7100 
1 4 7100 1194 10113 9945 
2 3 7100 10070 7069 
2 4 7069 10023 4139 4108 
3 4 9570 6512 9511 11467 
3 3 3544 6511 3458 
2 3 9817 11673 6734 
2 5 1908 4984 10847 1980 4110 
1 8 3022 6038 3111 11049 3162 11052 46 3108 
3 5 11542 9429 583 3553 3569 
3 4 3569 6562 6590 9567 
3 5 3569 557 3718 6739 11666 
2 4 1965 13458 8089 12810 
2 5 4908 10765 13486 8012 3834 
2 3 7859 12435 12406 
1 9 12406 7520 10388 4478 4658 10500 12451 10430 7564 
2 4 8186 5225 10925 12910 
1 10 12406 1537 10427 12377 11019 2114 8249 5211 5225 8186 
1 13 8186 10927 8165 5197 12948 2191 10969 8200 10949 1526 10983 2157 1652 
1 11 6928 3981 3852 6922 959 6822 898 944 11862 9883 946 
2 10 957 3977 810 6811 11906 3791 10376 7591 9782 12412 
1 8 11771 11808 887 3913 3932 7663 9913 946 
2 9 12412 7526 7582 4506 4561 1499 930 9831 916 
2 9 4506 12485 4876 10638 4745 7743 10612 4719 4677 
2 7 4725 10655 7801 12678 12261 4805 12189 
3 9 11666 9527 6552 543 9541 9421 6418 6440 11542 
3 8 469 11432 3418 3585 6470 586 9416 11544 
2 3 9315 6318 6384 
2 5 3934 6852 3828 10426 1508 
2 6 9873 11801 881 3955 9776 6904 
1 4 11781 9841 11850 946 
1 4 6863 1571 12482 10376 
2 5 9315 9379 9332 11270 351 
1 7 11459 500 509 9516 533 9504 3529 
1 10 3529 9504 3582 9436 11485 3539 9564 11408 3465 313 
1 6 9878 6945 11796 3927 6992 4112 
1 5 6912 11778 9921 928 4112 
1 5 9777 3903 3935 9915 11881 
1 4 3870 921 6977 9777 
1 5 3870 3807 11844 804 11747 
1 6 3889 9893 9912 7620 11759 4512 
1 8 1536 12434 11704 9715 4660 6997 13891 12320 
1 3 3707 723 9716 
2 4 11543 6520 6579 3556 
1 3 3707 11686 754 
2 5 13011 9472 13081 3516 516 
2 6 6766 943 6917 6960 9898 11877 
2 5 6583 9418 9444 3516 516 
2 4 11519 11562 9522 587 
2 3 516 3576 11483 
1 5 516 6560 6446 575 11548 
1 6 12512 9877 3926 844 924 11805 
1 7 12512 9925 931 6954 11749 4080 7183 
1 5 12512 6866 11780 985 6948 
1 7 12512 9839 11756 13592 6867 3874 9846 
1 6 6766 3749 929 11699 11697 743 
3 2 391 9498 
1 3 6336 6286 6241 
3 2 391 6241 
1 4 9335 11318 336 241 
1 6 336 11264 9281 11346 6622 6469 
1 8 9893 9823 11871 5004 12416 1549 10804 10106 
1 8 8085 2089 1901 8001 13747 10876 7994 2097 
1 13 4111 1074 1065 1201 4206 4088 4161 11979 1155 12049 4073 12004 7011 
1 2 1086 4206 
1 14 6997 4755 1896 2071 10523 7969 10837 10922 1982 2065 7985 1922 7953 5005 
1 4 10837 10768 10385 7602 
1 3 2182 8225 5230 
1 4 12994 13508 13509 10987 
1 5 5918 12600 10849 9125 5143 
1 8 5918 12600 13062 11022 10176 13501 10964 8215 
1 8 11001 12530 10965 4678 10986 2106 4669 12964 
1 7 12964 13239 2172 13424 7901 8237 7500 
1 2 4589 4575 
1 2 5156 8181 
1 7 12977 8140 13268 12987 5148 2111 13267 
1 4 10360 12479 8210 7476 
1 5 9839 9917 11820 896 3938 
1 6 6948 6832 6800 13573 13558 3938 
1 6 1176 4095 12083 9828 9778 13573 
1 4 885 11852 13563 740 
1 6 885 11852 3902 6903 6878 3816 
1 4 3816 3954 13568 6966 
2 3 7183 13569 4182 
1 2 13569 10094 
2 4 11618 673 11620 692 
3 4 688 707 9652 692 
2 8 13575 653 6673 13210 13863 11612 9613 13582 
1 7 6647 11574 6799 11899 13900 9894 6889 
1 3 11899 13901 982 
1 2 6889 7623 
1 6 6647 9608 9643 11610 9624 3670 
2 5 3617 9621 6700 684 9660 
1 3 6700 684 6716 
1 4 9606 646 6643 6700 
1 4 6682 9656 11646 6716 
1 5 9606 646 6682 6697 3696 
1 5 9606 11592 9619 3665 6679 
2 5 9617 3636 3639 6695 6679 
2 3 3639 637 6652 
1 3 9427 6464 11467 
3 3 9567 13553 6464 
3 4 9567 13553 9412 9427 
3 4 9660 716 3731 6751 
1 3 3581 6573 6751 
3 8 6751 11520 3565 6586 6604 3434 9468 11479 
1 8 9548 577 3407 3577 565 3707 9683 6727 
1 6 6677 11636 6706 6729 723 9716 
1 4 9716 744 6761 9548 
2 7 3663 9651 11652 6706 3704 3701 6727 
2 5 603 9598 656 9630 11618 
1 2 13633 11905 
2 4 6923 9862 13633 3893 
1 6 12589 1358 12692 10415 12419 13795 
1 3 13060 13779 5231 
1 7 5231 12648 13777 13774 1494 13800 1468 
1 6 13060 2213 13786 13785 8035 4859 
1 5 4859 13799 2171 13770 1494 
1 6 4859 10400 13789 13791 13780 8245 
1 9 13785 8214 10525 13654 4851 7003 10929 13814 2120 
1 6 4851 2151 13781 13782 5106 10400 
1 8 12958 10966 13752 13651 8054 1968 4515 191 
1 8 4851 13654 4205 7872 13716 5199 10930 191 
1 11 8124 7980 13823 5010 10734 13818 8019 2066 5079 10962 1939 
1 2 2050 10991 
1 8 2050 4952 10473 8034 10831 6039 9137 2080 
1 3 4952 5170 12900 
1 4 4146 1128 9960 1126 
1 12 9108 6165 6125 11073 11060 6168 61 6170 6208 6130 3145 192 
3 7 9559 6583 11435 11470 11494 6444 6488 
3 4 9503 549 3558 6568 
1 5 9517 11486 694 3679 663 
3 8 9515 3299 571 586 11404 9497 538 11481 
1 4 495 9443 11431 564 
3 4 564 6549 3524 6488 
2 6 11481 6501 6524 3500 9524 564 
2 6 6559 573 3514 11517 6595 552 
1 4 3522 6487 9560 11481 
3 5 11481 9560 11545 3499 6521 
2 6 6521 375 11219 9294 9320 9347 
1 6 321 293 268 3367 11444 6521 
2 4 6521 11505 3207 6282 
4 6 243 279 3324 389 362 3380 
5 9 243 3381 17 6558 3532 444 11478 3473 9496 
1 5 281 3337 6229 6376 6342 
3 8 3393 318 347 11301 11274 402 524 3544 
1 5 11426 9079 6099 9221 592 
1 3 11241 11290 306 
1 6 306 3210 11336 6305 3226 3335 
1 3 11370 11216 9304 
1 5 3392 11528 3256 3309 9304 
2 4 3392 11528 6415 560 
2 7 560 3556 6556 215 3203 9249 9288 
5 6 3544 11492 548 6401 3295 243 
2 7 11441 9452 3559 9521 3521 12562 3544 
2 6 11467 479 11558 9532 3460 6558 
2 4 11558 9546 11428 9508 
2 6 3544 6567 9290 6375 11245 6332 
2 7 11543 6435 474 3412 11441 6546 3392 
2 4 11479 9454 572 11543 
1 6 11543 3470 3570 11514 11464 11490 
2 8 11670 9698 9714 3575 6597 409 458 488 
1 2 11405 453 
1 5 453 11452 11461 3531 418 
1 4 418 11397 3455 11462 
1 4 11462 463 9477 6508 
1 4 3580 11526 3520 11462 
2 7 6478 6451 11561 574 11546 11683 3755 
1 2 1522 1383 
1 6 1120 9970 9982 12350 13143 7097 
1 3 12055 7200 1029 
1 5 1069 10102 12074 1184 13669 
1 5 1184 7105 1104 1200 13670 
2 6 12055 11973 1161 1001 4148 11913 
2 6 7301 12713 6932 11931 1004 9958 
3 8 11771 846 916 4642 4572 11744 7523 12412 
1 2 7663 4572 
2 5 4506 1588 12618 7832 7763 
1 2 1499 12337 
1 2 1394 4312 
1 2 1394 12286 
2 5 7236 12144 1291 7342 13543 
2 4 7236 4371 1337 1394 
2 6 1394 12201 1281 1308 4388 12220 
2 4 12220 12122 1427 7408 
2 3 10297 4412 7427 
1 4 12256 4626 4585 1492 
2 4 1330 12127 1417 12256 
1 2 12127 4336 
1 2 1403 12125 
1 4 7236 12131 1279 7329 
1 6 7427 12271 12255 8155 10227 7329 
2 4 10297 4384 1364 13543 
2 2 7408 10250 
2 4 10250 10221 12173 10411 
2 3 10438 10425 12360 
1 5 7408 12224 10293 4251 10177 
2 3 10250 12195 10438 
2 3 10438 12431 12417 
2 6 10411 10398 12345 7531 7492 1488 
1 2 1415 12253 
1 4 1415 10165 7323 10265 
1 2 12118 12153 
1 2 1368 10302 
1 2 10279 7381 
1 4 4608 10479 12472 7654 
2 3 10135 12293 1413 
2 3 12293 10491 4608 
2 4 4621 7421 12249 7381 
2 5 12249 1386 7223 12277 1413 
3 2 12299 10313 
2 3 10313 4424 7427 
2 21 4075 10129 11936 10016 4397 12297 7280 1302 4379 10309 10137 4255 1300 4334 4405 10162 1285 12204 10232 12232 4401 
1 2 10354 12181 
1 3 1648 10509 7658 
2 2 4652 1648 
2 2 4652 7673 
1 7 4075 12048 7015 9948 4121 4177 7137 
2 6 4361 4320 1313 4276 12296 12268 
1 2 4276 1274 
2 8 4075 12075 10075 12319 1522 4501 7446 1319 
1 3 1492 7562 1170 
1 7 4228 12279 1372 10306 12236 1221 10265 
1 3 10212 12171 7371 
1 9 11105 6144 9167 3137 3025 6138 9038 6013 3122 
1 5 11121 195 9156 63 9038 
1 11 9206 11162 3050 6150 3187 3030 9061 3068 9169 11076 11141 
1 3 9096 11176 9296 
1 9 3529 11474 520 6516 6486 9455 11429 6620 9753 
1 8 9753 11706 6758 3726 6748 700 6701 3668 
2 8 3379 3242 3359 11293 3342 9310 11267 7394 
1 2 385 3242 
1 4 9303 3396 303 3342 
1 4 11237 285 7377 11293 
1 5 11465 9510 6536 542 3552 
2 5 6766 11702 6775 11720 11565 
2 3 780 762 3768 
1 4 11516 11488 9658 3652 
1 2 6666 11590 
2 4 9737 6777 9710 743 
1 3 743 3737 3933 
1 4 12020 12760 11923 7132 
1 5 12051 9976 10059 12888 9943 
1 3 12051 4920 1160 
1 3 11921 10026 7005 
1 3 9994 7180 11969 
2 7 1145 4146 4131 8111 4046 7065 12051 
2 7 12710 4948 8030 8015 2012 10829 12751 
1 4 12751 12838 2044 10788 
1 11 7132 4150 3991 12018 10875 12842 13572 13584 13577 13580 10788 
1 4 3816 6878 9857 3933 
2 8 11506 9523 9725 6518 9644 3681 3669 3652 
2 3 11877 11849 11834 
1 7 9748 769 3754 11709 760 11711 11877 
2 4 6666 9622 6683 9638 
1 4 9620 9638 6683 678 
2 4 454 11420 9500 11548 
2 3 512 9507 9523 
2 4 11465 503 9478 9492 
2 6 6613 3589 780 11713 958 11849 
2 6 13011 13665 6545 5291 11516 11502 
1 4 512 3493 6688 3655 
1 3 1909 4957 8008 
1 5 2050 10919 1951 13136 10862 
1 4 10803 8122 8065 7983 
2 5 11834 911 3928 13497 9909 
2 5 11506 9534 6569 11563 9434 
2 4 9523 6547 3534 3509 
1 7 6449 3579 11535 6599 9578 3549 9534 
1 6 11465 11616 11600 6657 9597 595 
1 5 3768 6784 11573 778 6666 
1 4 3652 9642 3666 6683 
1 3 11548 3536 11483 
2 4 3652 648 11794 6613 
2 5 9490 3533 6531 680 9658 
2 4 9658 6698 10779 678 
2 5 3671 9492 6533 13862 512 
2 7 3671 11596 629 11582 595 11565 9737 
1 6 3655 6651 3626 620 3598 595 
2 4 3509 3523 527 9495 
2 5 9495 11508 9525 6572 3552 
2 4 3768 764 9745 6780 
2 5 9853 9824 6927 854 9764 
1 2 3838 9851 
1 5 3655 11611 9609 9607 9748 
1 5 9748 3594 11593 6786 6613 
2 3 13011 11549 9561 
2 5 11483 6504 454 9561 11506 
1 5 415 319 222 341 310 
1 9 11097 95 3089 11109 9234 9212 11191 110 9111 
1 5 3089 9319 11304 9331 11234 
2 5 11234 207 9353 11259 3219 
1 4 3219 358 233 11342 
1 15 3215 9343 11349 6303 11384 11254 11369 11300 382 3308 11347 6262 6315 9313 6279 
1 9 9111 9177 11084 150 3143 6056 6167 6101 121 
2 4 3335 6411 9384 9355 
1 7 9355 11368 11214 384 356 3346 6398 
1 4 9313 3250 3376 356 
1 10 11557 582 3584 6605 559 11504 511 6578 3508 11461 
1 4 488 11454 3494 504 
2 4 525 3543 441 11477 
1 3 6520 9493 11477 
1 3 11477 6232 3203 
1 3 3479 9461 11450 
1 5 11526 580 6254 6330 3306 
2 9 9131 9199 3157 6075 9187 3130 6102 312 3338 
1 6 6124 6171 9114 11025 3102 11110 
1 4 3317 11373 6337 392 
2 8 6391 345 3197 6312 9373 11356 11243 6338 
1 6 3527 6553 6428 3566 6587 11408 
2 3 6278 6217 4356 
1 9 3587 775 3417 3443 11400 9459 9474 6527 3529 
1 4 9417 426 6417 3417 
1 6 6516 6541 3517 11395 11460 9432 
1 9 11537 3404 410 9473 3551 6601 9432 11523 3578 
1 4 12567 7228 10716 10648 
1 4 9292 10213 12229 10284 
1 9 12128 12298 1210 1406 4261 4215 7281 4411 12229 
1 4 1459 11687 4629 10671 
1 4 7274 10652 1297 4803 
1 12 1591 10547 10619 10550 10680 7784 12635 10584 12594 11410 1794 4803 
1 3 6342 11246 9262 
1 3 11222 3298 592 
1 4 11479 9558 422 11441 
1 4 12997 2162 13283 5166 
1 3 2162 2212 13316 
1 6 1591 4224 12583 7706 12640 4686 
1 9 7874 12619 1418 1680 10308 10239 4232 7425 4250 
1 3 4250 4389 1402 
1 5 4389 1243 12121 10220 1272 
1 3 7936 10790 10747 
1 3 7097 10517 7101 
1 7 11701 3593 475 13008 10264 12179 12294 
1 9 11701 1517 4620 12383 10406 7563 10359 1593 7477 
1 4 12465 1649 7924 10742 
1 12 12320 3564 12441 10472 6991 12450 11853 9954 11797 6965 9761 9777 
1 6 3951 11831 856 981 11898 9921 
1 6 748 9688 9726 9709 6768 3734 
1 6 12559 4844 9659 12638 4701 12261 
1 4 9247 289 223 306 
1 4 9247 11230 236 6305 
1 3 1599 12380 12441 
1 2 12473 12029 
1 4 10376 12482 10463 9623 
1 2 6863 9798 
1 5 6535 11388 247 309 3326 
1 4 11121 158 11081 11164 
1 3 3604 13884 11584 
1 5 4613 7075 7218 10103 4075 
1 4 9617 6658 9612 649 
1 5 12543 12556 10574 12641 1672 
1 6 12543 7851 10678 12657 7763 4725 
1 2 11919 1108 
1 11 12883 5037 2033 8092 10835 2027 11976 4591 4574 7001 1074 
1 3 13457 12715 13462 
1 3 7069 1079 1207 
1 3 1111 13872 1152 
1 3 13085 13701 10886 
1 5 13697 13093 12823 13700 13701 
1 3 13685 12738 13437 
1 3 13087 13678 12878 
1 5 6998 6970 3939 3956 982 
1 3 11656 689 3872 
1 3 4110 7084 1971 
1 5 10898 10843 13852 10772 12822 
1 4 10887 4979 8022 12717 
1 3 12005 9084 8007 
1 2 12708 13854 
1 8 13854 13855 11955 13850 9951 8114 13856 4299 
3 3 4915 5086 12137 
1 7 2086 4915 10807 2036 1949 11995 4950 
1 7 11995 2105 12080 8076 7165 11952 9975 
1 3 9975 1144 7207 
2 7 9975 12092 12829 4149 1908 2054 2086 
1 5 1349 7013 4187 7150 11952 
1 5 10401 8120 10801 4953 11995 
1 8 10401 12375 4513 1538 1059 7220 4062 4245 
1 8 4062 4104 12063 10088 10116 12462 11978 10001 
1 5 1349 7119 7060 7430 10030 
1 5 7430 13807 4950 12799 10801 
2 7 1349 12269 12182 12142 1359 5104 8087 
1 6 7119 1405 5063 12226 10324 8087 
1 4 8087 4472 1275 7340 
1 6 12182 10210 12295 7250 12105 4278 
1 9 12208 4278 5032 13846 10756 10296 4365 4321 7340 
1 4 10756 12779 7310 1344 
1 5 10756 4414 10897 8100 8011 
1 3 4344 12146 8011 
1 8 10278 7436 4420 10808 8067 7363 10274 7447 
1 8 1321 7288 1409 4416 10246 12164 1268 7436 
1 2 1268 10149 
1 5 4953 5096 5040 5055 12137 
1 4 2036 12137 1377 4299 
1 3 5055 12786 2005 
1 5 4299 1983 7064 7334 1541 
1 5 1541 10361 7475 7565 12338 
1 2 10443 7565 
1 5 7565 7662 1609 12050 4245 
1 7 11968 1075 7634 10514 1553 1525 12322 
1 4 1525 12366 1497 10443 
1 5 4245 4204 7593 4544 4516 
1 3 1059 1444 4204 
1 3 1569 4571 4544 
1 4 10801 4410 7938 5055 
1 4 7938 2005 1569 4516 
1 3 1541 10751 12786 
1 3 2032 2002 10772 
1 2 1409 7265 
1 3 13857 7619 10171 
1 5 2002 12041 12876 12844 1908 
1 5 8022 10173 8106 10139 8007 
1 2 1321 7402 
1 3 7447 10130 1238 
1 5 12080 4106 2092 7905 4915 
1 2 4979 10905 
1 2 10729 12708 
1 7 12350 7159 4125 12407 10404 7095 1597 
1 7 1628 7653 3992 4083 7172 7199 1053 
1 8 11584 13885 13582 6626 599 13905 9627 9596 
1 2 11564 9627 
1 6 10359 10510 12333 7491 7560 4958 
1 6 7560 4482 10742 9605 1573 10671 
2 4 9508 11428 584 506 
2 5 3458 6416 11532 13611 506 
1 2 11467 506 
1 4 3331 9289 3378 6373 
1 4 3320 6413 13737 9304 
1 4 3296 3194 3525 6222 
1 2 3152 567 
1 4 9262 6314 3288 281 
1 2 13737 9359 
1 5 3309 6306 13736 3281 11301 
1 5 6376 530 9374 9246 11358 
1 4 3577 414 6455 476 
1 3 6478 6507 511 
1 6 9288 9342 11229 315 371 3335 
1 4 3722 9718 9677 9680 
1 3 462 3430 3407 
1 3 3568 6532 6458 
1 11 6521 3499 11545 9456 375 3367 11444 3207 9496 3572 6595 
5 4 9456 3499 6521 375 
1 3 9496 11505 6521 
1 6 6521 9428 6441 514 6559 9471 
1 3 6559 3535 11481 
1 12 11481 6501 6524 3500 3561 6513 11493 6377 526 9375 3522 9456 
1 2 9560 11545 
1 4 6377 3271 3326 241 
1 11 3326 374 6349 6325 9347 3368 6257 6389 11331 9320 9347 
1 5 9320 9294 11219 375 6521 
1 3 11505 3207 6282 
1 5 6282 349 3340 9388 13571 
1 4 9388 321 11305 11331 
1 4 3368 3231 317 11366 
1 5 3231 11366 13579 11251 332 
1 12 11251 3277 3325 3374 13561 13564 3305 6393 3260 3325 13570 6364 
1 5 6287 6345 9362 9300 11160 
1 3 9251 3386 383 
1 2 295 3375 
1 12 3063 9054 11114 6195 3128 3136 179 3007 11151 171 6310 383 
1 5 11078 6160 3136 3021 11028 
1 7 3136 133 10 3105 3183 11118 6038 
1 12 3022 21 3096 9216 11100 9127 188 3090 199 3188 3114 122 
1 5 9216 3093 6136 6216 3188 
1 4 6136 9032 11135 9157 
1 2 11037 6136 
1 9 9296 11367 6176 53 137 3192 11101 6184 3094 
1 6 137 3049 9196 6072 100 6184 
1 6 100 9036 11029 9174 14 6115 
1 2 9103 9157 
1 3 3094 3059 6184 
1 4 6038 9132 3018 6116 
1 10 3018 107 6173 9069 9171 184 11120 9141 11129 130 
1 5 11129 13618 3039 6185 11052 
1 3 9141 6067 118 
1 7 61 11115 3055 124 11125 9147 6125 
1 2 11125 11164 
1 7 11121 6212 9106 3125 6146 7 6098 
1 9 9106 9233 3149 6134 3073 9074 9198 13115 3121 
1 12 3121 15 74 6183 11142 9140 6117 11183 3134 116 3170 9179 
1 5 3134 6157 9039 9203 74 
1 6 9140 9116 6092 11063 64 11034 
1 4 11034 11063 9064 9042 
1 2 9064 6015 
1 9 9064 11104 9128 11169 9191 11130 3058 11050 44 
1 2 3058 6130 
1 4 3058 11050 91 11090 
1 2 3145 11157 
1 12 192 3034 3132 38 9126 6214 6071 3048 6111 9208 6187 9069 
1 5 6015 9089 2995 3016 22 
1 2 6134 7 
1 5 9061 9181 11156 6153 9176 
1 4 6082 52 139 3187 
1 4 11162 9105 9150 3060 
1 4 9206 9100 9150 149 
1 2 9105 3050 
1 5 52 3131 37 6033 11141 
1 3 11033 9056 11210 
1 3 11033 3119 6138 
1 4 3025 11172 9094 3083 
1 4 9094 32 3117 6013 
1 5 11210 9219 11132 6081 11121 
1 2 11210 141 
1 5 3151 149 11068 79 6174 
1 2 6174 3151 
1 5 11068 9164 3072 117 11109 
1 18 9164 6095 6035 6086 9111 187 2999 11315 3215 11250 3358 11282 6380 6414 9348 6290 6396 6262 
1 20 9348 9282 11330 9235 11217 6316 11362 301 9378 6283 11236 344 3358 366 401 3327 3391 6380 11282 3358 
1 3 9378 301 6380 
1 2 6380 9378 
1 5 6380 301 3290 9235 11217 
1 9 6316 378 280 3370 3268 6392 6295 6299 11375 
1 10 11375 9389 6370 11239 9257 6135 3190 11099 9122 121 
1 9 340 367 3389 232 6329 9324 6291 11309 6391 
1 5 3578 6539 3518 11423 9436 
1 10 3529 498 3487 3439 9426 9594 3597 11579 9735 11706 
1 2 11579 11429 
1 8 9628 9647 6733 6718 731 11678 6753 748 
1 8 748 3748 9707 6750 11661 11690 728 6748 
1 2 6733 11661 
1 4 6445 6493 9446 11434 
1 2 6445 9430 
1 5 9417 11559 765 6755 3734 
1 4 3734 11729 6741 11668 
1 4 11668 719 717 3698 
1 4 772 11599 11617 11647 
1 2 6671 6669 
1 3 6669 9702 1599 
1 3 12380 11708 13724 
1 3 12441 13671 10472 
1 3 3653 7454 11753 
1 3 7454 10403 6669 
1 2 13671 10403 
1 5 2089 12726 7977 5095 2097 
1 5 2097 10793 8123 3916 10106 
1 8 3795 12372 901 2013 12442 10383 7184 4111 
1 5 1086 7176 1015 11970 4088 
1 5 1015 10002 11922 9947 1155 
1 2 4073 9947 
1 2 9947 12049 
1 3 12049 10005 11964 
1 3 4076 4145 1071 
1 3 1071 992 3996 
1 6 12004 4143 7188 7030 10028 1151 
1 5 11999 1206 12771 4138 8105 
1 6 4138 12836 12796 12826 7925 12806 
1 4 12725 1977 10902 10745 
1 3 12806 1914 12887 
1 6 7925 10795 7156 4910 1080 12889 
1 2 12889 7156 
1 3 4910 12887 2009 
1 3 12889 10097 4033 
1 4 1080 10877 2096 7133 
1 3 10313 4424 12299 
1 4 12299 10313 4367 12271 
1 10 4424 7427 4412 10297 4384 1364 13543 12215 1376 10297 
1 4 1364 8155 12255 12271 
1 3 13543 4310 7329 
1 18 1208 12905 4216 12283 4396 8091 10285 7387 7371 1335 4338 7358 10240 1306 10199 10143 4282 10212 
1 11 7358 12243 7415 1404 10325 7231 1252 4323 7355 10266 1225 
1 10 1208 1304 1316 10282 12955 8221 12280 10138 12110 1225 
1 3 10279 1342 4361 
1 4 12296 1401 7396 7384 
1 2 7396 4211 
1 7 12268 4364 1345 1332 10225 12184 12113 
1 3 10225 10209 12181 
1 4 10354 1460 12126 1428 
1 4 12181 7327 12302 7673 
1 6 7658 12488 8360 10522 4446 1460 
1 2 12271 7399 
1 4 7399 4355 12199 7329 
1 5 1427 7587 4348 10193 12125 
1 7 1403 12238 1253 12317 7647 4175 7400 
1 9 4613 10456 10330 10356 1507 1464 12332 1362 4397 
1 3 4075 1185 11936 
1 2 1185 4119 
1 4 4023 7135 4160 1070 
1 7 7135 11981 7039 9963 11938 7152 4189 
1 2 7152 1047 
1 5 1006 10084 1138 4113 10042 
1 5 7054 1066 9944 11947 11920 
1 3 4013 7146 1096 
1 4 7191 10101 996 11913 
1 2 996 7120 
1 5 10076 1089 13707 4091 11928 
1 5 1089 10095 7142 4082 1029 
1 5 1029 1124 9971 4157 13669 
1 4 13669 4186 10018 13670 
1 3 11822 6969 881 
1 2 6898 11886 
1 6 6981 6860 9848 3949 9803 11781 
1 4 9841 927 3860 898 
1 4 898 6944 11879 957 
1 6 11835 9918 9795 11828 6963 11781 
1 4 6963 906 852 6928 
1 4 9790 7171 11770 6928 
1 8 848 11958 1148 7021 12011 11912 7121 4056 
1 6 4056 12060 1054 12085 11948 1177 
1 5 1081 10115 9936 10036 7125 
1 2 9936 12011 
1 4 4102 11949 12032 4198 
1 5 11949 1020 7178 10092 11925 
1 3 10092 4027 1025 
1 8 10092 7046 4179 7197 12028 9965 7113 7072 
1 3 9965 4094 4179 
1 2 4094 7212 
1 2 10055 7212 
1 6 7113 1133 1051 4054 4142 10125 
1 3 1136 1067 7102 
1 2 10032 998 
1 2 4188 4184 
1 2 4067 7169 
1 5 7169 1165 6870 11847 9859 
1 2 10512 12493 
1 6 12421 7595 4646 13037 1515 1399 
1 6 12446 1322 1820 1755 1742 855 
1 3 1742 7868 12559 
1 8 7868 4841 7249 1343 12136 3963 7266 12189 
1 7 957 6961 9895 11904 11745 6833 11626 
1 5 810 3843 6838 3787 6684 
1 2 6684 9798 
1 2 11879 3977 
1 5 9623 12342 4551 10521 12189 
1 5 12189 739 725 753 3753 
1 4 11626 9641 11629 725 
1 4 6684 11765 3811 11904 
1 3 1343 9733 4404 
1 4 12189 12192 12263 12638 
1 7 4844 10577 7871 1772 12591 1730 10678 
1 14 12556 4832 7785 4821 10714 4726 4798 1878 12623 1714 12518 12551 12683 1865 
1 4 12623 10701 10641 10589 
1 7 4797 1727 12525 1707 10524 4737 1792 
1 5 1792 12538 4795 7889 10714 
1 6 1672 12641 1826 7854 10565 10681 
1 8 12691 12563 4690 10646 10627 12610 7703 12625 
1 3 4803 1779 10531 
1 6 4866 12536 7789 12174 10617 4730 
1 5 10696 10626 1835 12580 10659 
1 7 10584 4661 7708 10202 12616 12546 10696 
1 3 10680 12529 13197 
1 5 12635 4674 10610 12590 12737 
1 3 1591 1840 12526 
1 4 5216 1970 5087 10870 
1 2 10905 2041 
1 3 12708 1129 12884 
1 3 12717 12831 10737 
1 5 5064 2078 10789 12769 10737 
1 3 10737 10781 12653 
1 4 7584 12248 10852 10737 
1 3 2048 10904 7960 
1 9 10904 4993 10760 8020 1947 8002 2103 13079 2029 
1 6 13833 5074 1973 10840 13836 8073 
1 4 11976 4115 4017 1015 
1 4 1071 11910 10061 11967 
1 6 11954 10123 12094 4151 1204 7082 
1 6 11954 4120 1127 1198 4057 12088 
1 12 4194 7209 9980 4176 4117 11940 1174 13589 10067 12039 1189 1149 
1 3 1189 1149 4194 
1 3 7005 11957 12039 
1 4 7005 10082 9983 4992 
1 4 10082 3987 4970 9943 
1 4 12888 8038 1967 1126 
1 3 11969 10091 7162 
1 6 4014 13832 1009 7147 7059 10074 
1 2 11998 6979 
1 4 9914 13864 10245 11767 
1 3 11767 914 3914 
1 3 9914 9875 13661 
1 32 11666 12549 3700 6720 9676 11663 9660 11625 6670 3623 619 3617 3614 614 6634 9602 11887 11868 965 949 3908 3937 6923 9862 13633 3893 6895 9833 11829 11811 904 11866 
1 5 9660 716 3731 6751 6573 
1 3 6751 11520 6573 
1 3 6751 3713 730 
1 4 9692 6739 11666 12549 
1 3 12549 6739 3718 
1 14 11666 704 11651 9665 3703 9681 9515 3299 571 586 11404 9497 538 11481 
1 5 6377 526 9375 3522 9456 
1 4 10779 678 11640 3679 
1 3 678 6529 10779 
1 12 6529 9503 549 3629 11502 9559 6583 13898 3488 9522 587 3444 
1 6 587 3547 11494 6444 11560 6488 
1 2 11560 3558 
1 8 6568 589 6488 6444 529 9482 6570 6469 
1 3 6469 9482 529 
1 2 6570 529 
1 3 9482 495 6469 
1 7 495 9443 11431 564 6549 3524 6488 
1 2 3558 6568 
1 3 11435 9575 6583 
1 2 11531 9575 
1 2 11531 11502 
1 2 11431 9509 
1 8 9252 9306 11372 9361 9334 6334 6390 6282 
1 2 362 9263 
1 2 3380 3295 
1 2 3324 3380 
1 2 279 3295 
1 4 3295 6347 9346 11245 
1 5 11245 266 9327 3384 281 
1 3 6332 11265 3288 
1 3 9262 3319 3296 
1 4 6222 265 3255 11358 
1 2 11358 233 
1 4 358 6371 9241 3331 
1 3 6373 6319 9249 
1 5 9249 3507 3568 489 525 
1 2 525 3494 
1 5 11437 11405 11422 9419 11561 
1 3 3755 737 568 
1 3 3722 705 3686 
1 2 9680 6741 
1 3 10142 10136 361 
1 2 155 157 
1 2 11153 6057 
5 15 6521 11505 9496 3473 11478 444 3532 6558 17 3381 243 6401 548 11492 3544 
1 3 3544 9400 9508 
5 18 3544 12562 3521 6484 11466 3392 11528 3256 3309 9304 11216 11370 294 11322 3331 11220 11290 306 
1 2 11290 11241 
1 10 306 3362 6387 9272 11254 335 401 3327 3391 6380 
1 7 11375 6327 9325 3383 3282 9259 11356 
1 3 757 11736 9592 
1 2 9753 757 
1 2 9592 6620 
1 2 11474 11484 
1 4 3529 3555 6602 11423 
1 7 9432 11421 6502 6339 9365 6275 11225 
1 5 6275 9299 11319 3382 392 
1 5 3382 11273 11339 372 6338 
1 3 11450 11418 9417 
1 12 3893 849 9887 6864 8435 6550 4112 7130 10038 9941 10122 10007 
1 2 10122 11917 
1 4 10122 12096 1119 1005 
1 6 11917 10041 11907 784 1122 1005 
1 6 11747 6925 11792 869 9861 3870 
1 2 7193 11984 
1 4 12058 1164 9940 4170 
1 7 3988 7096 4178 11965 1173 4193 7211 
1 2 7211 7096 
1 2 1109 4109 
1 3 4109 7127 3401 
1 4 976 1205 12001 1106 
1 4 12001 9916 9805 10203 
1 2 9805 3914 
1 3 3914 11786 6930 
1 3 895 3936 11818 
1 2 11818 895 
1 5 3936 9930 9791 11774 11905 
1 4 949 13635 6857 3526 
1 6 965 11754 793 3796 9610 9612 
1 5 9783 9919 9902 9888 13633 
1 3 9902 922 9833 
1 8 9783 11597 657 9635 3076 687 13600 3701 
1 3 657 9614 9612 
1 3 6652 3630 11657 
1 4 3630 11588 818 6658 
1 3 11619 11655 11652 
1 3 11655 6747 9716 
1 2 6706 3076 
1 2 11546 6597 
1 4 11670 3738 11703 3575 
1 4 3575 3757 9435 476 
1 6 504 6497 9451 11424 434 6597 
1 5 9501 11291 3174 83 567 
1 3 83 185 6201 
1 2 6201 83 
1 6 11105 6009 204 3161 3061 9183 
1 2 540 6526 
1 4 6526 11406 9562 9484 
1 2 9484 3369 
1 4 377 407 6385 11361 
1 3 6301 6104 311 
1 2 3301 11345 
1 3 9297 11279 364 
1 4 296 3287 322 271 
1 4 3501 11446 507 9458 
1 2 9434 6599 
1 3 9434 485 11420 
1 3 5291 3560 9472 
1 4 11516 521 11642 11488 
1 9 11642 6698 698 3666 3646 3650 641 9590 6613 
1 3 11573 6609 9745 
1 4 764 9736 3961 13497 
1 5 9909 3959 11721 770 11730 
1 3 6780 3782 776 
1 3 6766 3915 9882 
1 6 11702 3948 752 6773 6618 620 
1 4 6618 9593 11576 9748 
1 3 11711 9728 11713 
1 5 9813 790 13590 6836 6812 
1 4 6836 872 6865 854 
1 2 9793 9845 
1 2 9767 6914 
1 3 9767 3794 896 
1 4 11820 3986 9881 6800 
1 3 13573 11863 9757 
1 3 3871 950 12083 
1 6 7068 9979 7153 4135 13637 10094 
1 2 13637 1048 
1 5 931 11851 9819 6884 9765 
1 3 924 3798 6996 
1 4 9817 724 6941 3892 
1 6 758 3761 6764 9719 13066 11707 
1 7 3794 3820 13557 11809 11806 3859 11766 
1 8 4108 7203 13868 12857 5046 13888 13886 5012 
1 5 1207 13869 8046 13871 1152 
1 5 12020 4018 7979 12711 1126 
1 5 11773 902 11755 9863 6891 
1 4 6891 3838 11804 9851 
1 2 11751 5042 
1 2 5042 11846 
1 4 5042 10833 3910 9838 
1 3 3910 963 923 
1 2 6939 6980 
1 4 9849 9874 6953 3939 
1 4 9809 11858 3922 3939 
1 3 3924 3868 6889 
1 3 3924 11816 6889 
1 4 3924 6957 11872 11899 
1 6 11872 13902 6983 6619 3596 3592 
1 3 13902 9591 11574 
1 3 3943 984 11564 
1 3 599 11595 11612 
1 4 11612 671 11615 656 
1 4 9598 6631 6675 9633 
1 3 9598 13883 3604 
1 2 13884 13885 
1 2 3675 3673 
1 2 3673 11612 
1 3 11612 668 6673 
1 3 13210 3631 9627 
1 3 13575 9679 11651 
1 3 9665 732 2877 
1 3 732 6723 6552 
1 4 11640 6712 6542 3530 
1 2 9281 11388 
1 3 552 9470 3532 
1 3 6558 11260 9252 
1 2 9252 279 
1 4 3500 13116 6421 9416 
1 5 11620 11638 9655 6934 3679 
1 3 6934 3690 708 
1 2 3705 9515 
1 7 6711 6714 11676 9672 9670 9668 690 
1 2 690 3676 
1 5 3548 9563 9425 3743 9548 
1 2 9425 11411 
1 2 6604 3581 
1 2 3434 6522 
1 3 6522 13546 3559 
1 3 6499 11507 9521 
1 3 3458 562 6499 
1 3 402 9544 11466 
1 3 3272 6281 318 
1 4 6314 3354 9483 6376 
1 2 9246 11226 
1 4 11202 6324 11392 6242 
1 2 9371 9247 
1 3 6565 9542 6254 
1 5 9542 11526 6543 6481 9449 
1 4 9449 6517 11500 6432 
1 4 11500 534 11396 413 
1 5 11418 449 3478 3489 6503 
1 2 3489 509 
1 7 10671 1216 1384 12250 4542 4467 4923 
1 6 12583 1825 1675 12511 4768 4391 
1 10 9605 12161 10470 4499 4618 1614 1479 10395 7541 12383 
1 3 12465 12324 1614 
1 4 1479 4488 4581 4300 
1 3 1517 4563 10406 
1 4 11537 566 11433 9420 
1 11 11537 9526 508 432 11552 11469 11455 3618 9453 642 475 
1 6 3618 464 615 11578 3459 9592 
1 7 12294 1429 7410 1360 10295 1331 1272 
1 5 1272 12266 10268 1223 10239 
1 6 1402 4595 12385 7711 10146 4224 
1 5 7768 7796 12630 1659 1812 
1 5 1659 1880 4754 4824 1387 
1 3 1387 10542 1292 
1 2 11159 6106 
1 3 11092 92 3144 
1 8 94 9045 3078 6159 11038 3092 9248 6102 
1 3 6181 11088 9165 
1 9 11098 10723 12393 7898 4802 12187 12527 1754 7375 
1 8 3338 3075 11089 11042 3081 7330 186 11110 
1 6 7330 3155 9225 4298 12558 7898 
1 10 11110 6110 9210 3079 84 11086 9110 11177 3175 9131 
1 8 9190 9082 60 166 3160 11103 6182 3157 
1 7 166 6017 89 138 26 3086 6159 
1 17 10788 5101 1975 2056 8028 10758 10805 10780 3123 13212 13213 1473 7919 1883 9152 2081 3123 
1 15 12900 2025 5138 8021 13214 4938 12936 8109 4997 7963 13627 8078 13599 11194 9137 
1 8 12936 4889 10979 7978 1992 5206 8034 7608 
1 9 12900 8206 1932 13494 1891 1969 4972 5028 4997 
1 4 10991 12992 12817 1932 
1 2 10919 12874 
1 3 1951 12843 12785 
1 3 10862 12742 10803 
1 3 10862 12787 8096 
1 5 5139 13625 8244 5036 2080 
1 2 2115 12975 
1 3 8248 5158 12958 
1 2 12958 12985 
1 3 7605 5189 5154 
1 6 4879 10957 12519 4051 13549 7872 
1 4 13549 10538 13647 8054 
1 3 13752 12391 13754 
1 3 13752 2126 13758 
1 2 8248 8219 
1 4 5117 12945 12896 4128 
1 5 5117 13899 10071 7931 6008 
1 6 6008 12824 12741 10884 11934 2034 
1 3 4913 10883 12741 
1 2 4913 1950 
1 5 13641 13640 4941 2220 9962 
1 2 13641 9962 
1 3 13641 3854 12989 
1 3 2220 12965 8144 
1 4 13641 13595 12783 7133 
1 2 7133 2034 
1 7 4941 1181 7161 13495 12907 1846 13723 
1 6 13388 13336 13331 13751 12986 12908 
1 3 13716 13649 13715 
1 9 2196 8182 13403 12944 13655 5232 13378 13368 13331 
1 4 13331 13376 5180 12911 
1 5 2196 8254 8183 5210 10976 
1 6 10860 13529 11017 13317 4171 3854 
1 3 12783 7088 12989 
1 5 2123 5164 12971 13810 13811 
1 6 12971 2120 12935 2193 5212 8245 
1 4 8245 13719 13809 2151 
1 5 8245 7900 8178 13769 1468 
1 3 5128 5222 8188 
1 5 5128 10993 8246 2200 12956 
1 5 10201 10229 12258 4219 7260 
1 3 10201 10287 1213 
1 2 1273 12208 
1 2 10278 10149 
1 2 10149 12164 
1 3 7363 12247 4416 
1 2 1238 1321 
1 5 11929 4162 10035 2843 12050 
1 4 11929 9993 10416 1497 
1 5 10344 1333 4059 1014 12090 
1 7 1319 7294 2067 10841 4999 1918 7988 
1 3 10841 12141 4925 
1 4 7137 7650 4028 1597 
1 4 7101 7434 12086 4130 
1 3 7434 10757 5030 
1 4 12467 7625 9934 4009 
1 6 7025 10043 12069 9987 7160 7189 
1 3 9987 7092 1169 
1 5 10068 4137 11944 10119 10102 
1 6 12068 11914 1175 4096 9955 7186 
1 4 11932 10124 1123 7115 
1 4 1182 993 1113 4118 
1 2 1117 9952 
1 4 4728 12522 1839 1823 
1 5 10302 1261 12112 10186 12153 
1 2 12153 7385 
1 4 12118 1224 4269 1293 
1 4 1224 4373 1340 1311 
1 2 4228 1311 
1 2 4228 7307 
1 3 1221 4288 10272 
1 6 12253 4350 4368 10241 12213 4101 
1 6 12213 10298 7325 4233 1388 10165 
1 5 1421 4399 7389 7417 10300 
1 3 4241 1234 12116 
1 3 4241 1407 1379 
1 3 12154 12193 12237 
1 8 4468 7512 7487 4524 7585 1546 4509 7542 
1 5 4509 4552 10396 7529 12371 
1 8 12371 10423 12400 12240 1389 4393 7614 12154 
1 7 7585 7269 4593 1602 7627 1629 12457 
1 4 1629 1617 4635 10147 
1 4 4635 12107 12123 1222 
1 5 4329 7349 4346 12995 10260 
1 3 10260 10231 10248 
1 3 4329 4289 12135 
1 9 10251 1329 1301 4304 7352 7324 1286 10166 7251 
1 3 10251 7365 12237 
1 4 12265 10319 1269 1042 
1 4 1269 1085 4252 12265 
1 2 7251 4421 
1 2 1574 10409 
1 2 1574 7557 
1 2 12444 10222 
1 3 10263 1589 10464 
1 3 12358 1098 4307 
1 4 10169 7311 10197 10153 
1 11 7654 4273 7293 10191 12162 1298 10175 4301 7321 12151 10219 
1 2 12206 1355 
1 4 12206 1339 13001 12190 
1 3 12190 1326 12178 
1 3 1355 4358 1339 
1 2 12219 12234 
1 5 1274 10150 10294 1373 1533 
1 2 1373 1345 
1 5 4401 1396 13876 4223 12133 
1 7 1396 12288 12260 4330 7645 10453 1563 
1 3 1563 12210 4379 
1 6 7645 1620 12150 13877 1605 10162 
1 3 4401 7347 12150 
1 6 12210 10238 10195 1520 1390 12332 
1 3 12332 4339 7075 
1 2 4608 4306 
1 6 3916 10811 7530 13745 11739 4512 
1 2 6464 506 
1 3 6464 9457 3583 
1 3 3583 6485 6512 
1 2 9570 3485 
1 2 9508 548 
1 3 9508 3482 11532 
1 2 9327 3254 
1 4 11202 9408 9120 126 
1 2 6095 70 
3 4 399 13596 3206 6235 
1 2 394 316 
1 2 480 6560 
1 2 9431 3262 
1 2 6560 6598 
1 4 9498 11456 13662 3444 
1 4 11562 6500 6496 3262 
1 3 9498 3211 68 
1 2 3314 6336 
1 3 9281 9309 6286 
1 4 11318 9309 9403 9363 
1 2 9503 6542 
1 4 11590 3612 9603 778 
1 2 11590 9618 
1 3 3641 658 3660 
1 2 3660 6678 
1 2 636 11601 
1 7 7925 2016 8084 10739 8052 1960 13213 
1 2 8124 4985 
1 2 4985 8043 
1 2 8043 12766 
1 3 12766 5091 5047 
1 4 12766 13831 13828 13830 
1 2 5010 13824 
1 2 4954 13824 
1 3 10734 7912 13820 
1 3 10734 8036 10775 
1 3 10928 12941 10976 
1 2 7980 13822 
1 3 8124 10777 13496 
1 5 8124 13825 5097 13826 13824 
1 2 13826 1984 
1 2 1984 2072 
1 2 2072 13828 
1 3 2152 13245 2209 
1 4 8157 10938 10924 8240 
1 2 13515 8240 
1 4 2162 13299 5190 8199 
1 2 10747 2023 
1 2 10747 1887 
1 4 2023 12703 10864 12790 
1 4 1944 12772 1997 5000 
1 2 1997 10855 
1 2 10855 8113 
1 13 13012 3284 10767 1981 12716 4982 12828 10906 12885 13417 13400 4980 13379 
1 3 13377 13370 13357 
1 3 13357 13342 13364 
1 5 13370 13369 5008 13363 10934 
1 8 12933 13361 2228 2132 5107 8179 2175 10933 
1 2 13261 11002 
1 2 13261 8196 
1 2 10999 8196 
1 4 7476 12923 13266 13268 
1 4 13266 2190 13273 5174 
1 3 13242 5178 5156 
1 2 5178 8224 
1 2 13247 8224 
1 2 13264 13267 
1 2 13552 8051 
1 5 8051 10791 4932 8108 2048 
1 2 2089 5005 
1 5 12434 4473 4901 4609 7969 
1 4 4609 4637 4580 10768 
1 3 7602 12359 10510 
1 9 4948 7972 4989 13897 12834 12891 12747 12858 1909 
1 2 1909 2038 
1 7 12838 4927 5045 8008 5039 7959 13604 
1 2 13604 13565 
1 8 1562 13493 1892 12859 7964 8119 12736 13469 
1 6 13493 12461 12833 13492 2069 8012 
1 7 9814 11859 6881 986 3840 9637 9671 
1 3 9671 3678 6699 
1 3 677 11658 9713 
1 3 610 3644 505 
1 3 7259 1393 1408 
1 4 7259 1214 1420 12259 
1 5 1719 12550 1734 6767 7899 
1 3 7794 12701 9740 
1 6 11682 3911 983 4419 12223 12149 
1 4 12149 7291 9601 4345 
1 2 12149 7433 
1 3 7361 1354 4623 
1 3 7644 10244 4430 
1 2 7304 4360 
1 2 7683 13613 
1 3 12505 7758 12698 
1 2 3906 905 
1 3 6732 3712 3732 
1 4 3806 718 715 6732 
1 4 10381 4445 9675 718 
1 6 6707 9664 11680 11650 6717 1436 
1 5 6717 894 3897 9820 11785 
1 3 11800 6705 3687 
1 2 11760 11791 
1 3 3975 7588 7646 
1 5 6845 13628 9758 6892 3917 
1 2 6984 13628 
1 2 3824 11785 
1 7 6882 11782 9801 9864 11740 11900 6845 
1 2 3957 11892 
1 2 3823 865 
1 2 865 11738 
1 2 6943 1077 
1 4 10520 10352 10380 10407 
1 2 10407 12353 
1 4 7388 12752 1913 1843 
1 3 10254 13607 7245 
1 2 13607 4647 
1 3 1737 10644 12571 
1 5 7981 1915 12301 9773 12893 
1 4 1618 6803 12778 12489 
1 8 5090 9967 7643 10495 10468 10439 1506 7646 
1 4 9808 6850 3802 11800 
1 3 9711 9667 6710 
1 4 9711 11725 9743 6610 
1 4 6610 779 6607 3775 
1 4 3775 9583 11569 9585 
1 5 11569 605 3608 6630 3778 
1 4 9585 11728 3640 9467 
1 5 5205 10233 10303 3766 6769 
1 5 11685 11714 9747 7420 10233 
1 6 5205 751 709 4738 4834 926 
1 2 1440 4155 
1 2 13606 4155 
1 3 13606 4450 9377 
1 2 7123 177 
1 3 13009 379 11106 
1 2 13437 13439 
1 4 13437 13687 13438 1988 
1 3 1988 13680 13087 
1 3 13439 13092 13087 
1 2 13697 13207 
1 4 13085 13696 8017 2031 
1 3 13691 13692 13693 
1 2 2077 13447 
1 2 13447 13085 
1 2 13457 4904 
1 5 13462 13464 13465 4965 13455 
1 4 12753 2021 12867 13453 
1 3 4991 13446 13085 
1 7 8236 13445 12712 13449 10730 10832 1965 
1 9 8097 2037 12897 13482 2104 13483 12811 13479 2060 
1 2 7112 4180 
1 3 7195 10048 12021 
1 2 2489 13033 
1 3 13029 13028 13027 
1 2 4357 12103 
1 2 1419 7413 
1 4 7982 10881 8117 10797 
1 8 10837 12818 12704 12748 5073 1957 5029 7491 
1 3 5029 2000 4893 
1 2 4893 4958 
1 3 10913 1986 2070 
1 2 2026 8031 
1 3 2026 12756 7985 
1 4 9816 12773 8040 1982 
1 3 9237 6350 9350 
1 3 11218 9314 11299 
1 5 6335 6268 9332 11317 11297 
1 4 11297 9250 3353 9322 
1 6 7394 9405 6405 6289 6313 9310 
1 3 3396 13622 6313 
1 5 9303 9255 11371 337 385 
1 4 385 276 3329 3379 
1 4 3359 369 11287 9303 
1 4 13682 13725 7617 13681 
1 6 12691 4724 7744 10544 12655 12555 
1 4 11352 9283 189 123 
1 7 6388 9385 3348 6308 9349 273 1278 
1 4 4283 4354 12270 12128 
1 5 9453 11591 12235 1247 7370 
1 4 11483 11606 3447 9472 
1 3 6545 9505 9658 
1 2 9658 9642 
1 3 3589 9590 6784 
1 2 6784 3589 
1 2 611 6780 
1 2 6609 611 
1 2 9945 13860 
1 2 13860 12087 
1 2 10113 12087 
1 3 12087 10013 11987 
1 7 12087 4199 7215 13873 12100 13861 989 
1 2 7660 13713 
1 2 7660 7632 
1 2 4641 13710 
1 5 10422 4607 4521 7667 941 
1 4 10651 1663 9695 12535 
1 3 12535 10672 12651 
1 3 12651 4741 4860 
1 3 3481 10656 12636 
1 2 4872 5119 
1 2 1453 7524 
1 2 1453 4535 
1 3 4328 12281 11495 
1 3 1393 4385 12231 
1 4 4848 10707 13203 13202 
1 3 4848 13091 4833 
1 4 7884 12661 10679 13091 
1 2 6995 11881 
1 3 11753 3714 9932 
1 2 11881 11894 
1 5 3903 6950 6919 9868 9954 
1 6 10472 12376 4583 6935 864 7604 
1 2 7604 4755 
1 2 11704 4614 
1 3 13724 6642 4660 
1 4 3670 3683 701 6703 
1 4 3683 686 9661 12549 
1 2 6720 3683 
1 2 3700 9692 
1 4 9690 6561 9537 6573 
1 4 9692 541 11522 11539 
1 4 6682 9640 11622 676 
1 3 11676 746 3548 
1 3 9558 9454 3483 
1 3 3755 11715 9419 
1 2 11422 11437 
1 6 11248 11314 397 3275 3387 6362 
1 3 6362 6231 6392 
1 7 9257 9159 9033 135 11180 175 3066 
1 5 9177 9153 39 93 11083 
1 4 81 160 3057 3160 
1 2 9501 308 
1 3 9575 11547 11560 
1 3 521 1346 9503 
1 3 6529 1346 3629 
1 2 549 11531 
1 3 1628 7637 1153 
1 6 7637 7035 1083 12061 11994 1146 
